{
 "cells": [
  {
   "cell_type": "code",
   "execution_count": 48,
   "metadata": {},
   "outputs": [],
   "source": [
    "import pandas as pd\n",
    "import numpy as np\n",
    "import matplotlib.pyplot as plt\n",
    "from rdkit import Chem, DataStructs\n",
    "from rdkit.Chem import Draw, rdFingerprintGenerator\n",
    "from rdkit.ML.Cluster import Butina\n",
    "import os\n",
    "import seaborn as sns\n",
    "\n",
    "sns.set_style(\"dark\")"
   ]
  },
  {
   "cell_type": "markdown",
   "metadata": {},
   "source": [
    "<h4>Import zbioru danych cząsteczek testowanych na ludzkiej kinazie EGFR, przefiltrowanych zgodnie z regułą Lipinskiego z ćwiczenia 2.</h4>"
   ]
  },
  {
   "cell_type": "code",
   "execution_count": 16,
   "metadata": {},
   "outputs": [],
   "source": [
    "EGFR_lipinski = pd.read_csv(os.path.join(\"..\", \"4_wirtualne_badania_przesiewowe\", \"EGFR_lipinski_distances.csv\"))"
   ]
  },
  {
   "cell_type": "code",
   "execution_count": 17,
   "metadata": {},
   "outputs": [
    {
     "data": {
      "text/html": [
       "<div>\n",
       "<style scoped>\n",
       "    .dataframe tbody tr th:only-of-type {\n",
       "        vertical-align: middle;\n",
       "    }\n",
       "\n",
       "    .dataframe tbody tr th {\n",
       "        vertical-align: top;\n",
       "    }\n",
       "\n",
       "    .dataframe thead th {\n",
       "        text-align: right;\n",
       "    }\n",
       "</style>\n",
       "<table border=\"1\" class=\"dataframe\">\n",
       "  <thead>\n",
       "    <tr style=\"text-align: right;\">\n",
       "      <th></th>\n",
       "      <th>passed</th>\n",
       "      <th>Molecular mass</th>\n",
       "      <th>LogP</th>\n",
       "      <th>H-Donors</th>\n",
       "      <th>H-Acceptors</th>\n",
       "      <th>molecule_name</th>\n",
       "      <th>canonical_smiles</th>\n",
       "      <th>pIC50</th>\n",
       "      <th>tanimoto_MACCS</th>\n",
       "      <th>tanimoto_Morgan</th>\n",
       "      <th>dice_MACCS</th>\n",
       "      <th>dice_Morgan</th>\n",
       "    </tr>\n",
       "  </thead>\n",
       "  <tbody>\n",
       "    <tr>\n",
       "      <th>0</th>\n",
       "      <td>True</td>\n",
       "      <td>193.199</td>\n",
       "      <td>-3.6059</td>\n",
       "      <td>6</td>\n",
       "      <td>6</td>\n",
       "      <td>CHEMBL2114210</td>\n",
       "      <td>OC[C@H]1N[C@H](CO)[C@@H](O)C(O)[C@@H]1O</td>\n",
       "      <td>0.958607</td>\n",
       "      <td>0.371429</td>\n",
       "      <td>0.013514</td>\n",
       "      <td>0.541667</td>\n",
       "      <td>0.026667</td>\n",
       "    </tr>\n",
       "    <tr>\n",
       "      <th>1</th>\n",
       "      <td>True</td>\n",
       "      <td>193.199</td>\n",
       "      <td>-3.6059</td>\n",
       "      <td>6</td>\n",
       "      <td>6</td>\n",
       "      <td>CHEMBL2093897</td>\n",
       "      <td>OC[C@@H]1N[C@H](CO)[C@@H](O)[C@H](O)[C@H]1O</td>\n",
       "      <td>2.075721</td>\n",
       "      <td>0.371429</td>\n",
       "      <td>0.013514</td>\n",
       "      <td>0.541667</td>\n",
       "      <td>0.026667</td>\n",
       "    </tr>\n",
       "    <tr>\n",
       "      <th>2</th>\n",
       "      <td>True</td>\n",
       "      <td>219.281</td>\n",
       "      <td>-1.4543</td>\n",
       "      <td>4</td>\n",
       "      <td>5</td>\n",
       "      <td>CHEMBL77918</td>\n",
       "      <td>CCCCN1[C@H](CO)[C@@H](O)[C@H](O)[C@H]1CO</td>\n",
       "      <td>1.301030</td>\n",
       "      <td>0.432432</td>\n",
       "      <td>0.093333</td>\n",
       "      <td>0.603774</td>\n",
       "      <td>0.170732</td>\n",
       "    </tr>\n",
       "    <tr>\n",
       "      <th>3</th>\n",
       "      <td>True</td>\n",
       "      <td>163.173</td>\n",
       "      <td>-2.9668</td>\n",
       "      <td>5</td>\n",
       "      <td>5</td>\n",
       "      <td>CHEMBL307429</td>\n",
       "      <td>OC[C@H]1NC[C@H](O)[C@@H](O)[C@@H]1O</td>\n",
       "      <td>3.443697</td>\n",
       "      <td>0.400000</td>\n",
       "      <td>0.025641</td>\n",
       "      <td>0.571429</td>\n",
       "      <td>0.050000</td>\n",
       "    </tr>\n",
       "    <tr>\n",
       "      <th>4</th>\n",
       "      <td>True</td>\n",
       "      <td>270.240</td>\n",
       "      <td>2.5768</td>\n",
       "      <td>3</td>\n",
       "      <td>5</td>\n",
       "      <td>CHEMBL44</td>\n",
       "      <td>O=c1c(-c2ccc(O)cc2)coc2cc(O)cc(O)c12</td>\n",
       "      <td>1.982967</td>\n",
       "      <td>0.298507</td>\n",
       "      <td>0.069767</td>\n",
       "      <td>0.459770</td>\n",
       "      <td>0.130435</td>\n",
       "    </tr>\n",
       "  </tbody>\n",
       "</table>\n",
       "</div>"
      ],
      "text/plain": [
       "   passed  Molecular mass    LogP  H-Donors  H-Acceptors  molecule_name  \\\n",
       "0    True         193.199 -3.6059         6            6  CHEMBL2114210   \n",
       "1    True         193.199 -3.6059         6            6  CHEMBL2093897   \n",
       "2    True         219.281 -1.4543         4            5    CHEMBL77918   \n",
       "3    True         163.173 -2.9668         5            5   CHEMBL307429   \n",
       "4    True         270.240  2.5768         3            5       CHEMBL44   \n",
       "\n",
       "                              canonical_smiles     pIC50  tanimoto_MACCS  \\\n",
       "0      OC[C@H]1N[C@H](CO)[C@@H](O)C(O)[C@@H]1O  0.958607        0.371429   \n",
       "1  OC[C@@H]1N[C@H](CO)[C@@H](O)[C@H](O)[C@H]1O  2.075721        0.371429   \n",
       "2     CCCCN1[C@H](CO)[C@@H](O)[C@H](O)[C@H]1CO  1.301030        0.432432   \n",
       "3          OC[C@H]1NC[C@H](O)[C@@H](O)[C@@H]1O  3.443697        0.400000   \n",
       "4         O=c1c(-c2ccc(O)cc2)coc2cc(O)cc(O)c12  1.982967        0.298507   \n",
       "\n",
       "   tanimoto_Morgan  dice_MACCS  dice_Morgan  \n",
       "0         0.013514    0.541667     0.026667  \n",
       "1         0.013514    0.541667     0.026667  \n",
       "2         0.093333    0.603774     0.170732  \n",
       "3         0.025641    0.571429     0.050000  \n",
       "4         0.069767    0.459770     0.130435  "
      ]
     },
     "execution_count": 17,
     "metadata": {},
     "output_type": "execute_result"
    }
   ],
   "source": [
    "EGFR_lipinski.head()"
   ]
  },
  {
   "cell_type": "code",
   "execution_count": 18,
   "metadata": {},
   "outputs": [
    {
     "data": {
      "text/plain": [
       "(25, 12)"
      ]
     },
     "execution_count": 18,
     "metadata": {},
     "output_type": "execute_result"
    }
   ],
   "source": [
    "EGFR_lipinski.shape"
   ]
  },
  {
   "cell_type": "markdown",
   "metadata": {},
   "source": [
    "<h4>Import fingerprintów wygenerowanych w ćwiczeniu 4.</h4>"
   ]
  },
  {
   "cell_type": "code",
   "execution_count": 11,
   "metadata": {},
   "outputs": [],
   "source": [
    "maccs_fingerprints = pd.read_csv(os.path.join(\"..\", \"4_wirtualne_badania_przesiewowe\", \"maccs_fingerprints.csv\"))\n",
    "morgan_fingerprints = pd.read_csv(os.path.join(\"..\", \"4_wirtualne_badania_przesiewowe\", \"morgan_fingerprints.csv\"))"
   ]
  },
  {
   "cell_type": "code",
   "execution_count": 12,
   "metadata": {},
   "outputs": [
    {
     "data": {
      "text/html": [
       "<div>\n",
       "<style scoped>\n",
       "    .dataframe tbody tr th:only-of-type {\n",
       "        vertical-align: middle;\n",
       "    }\n",
       "\n",
       "    .dataframe tbody tr th {\n",
       "        vertical-align: top;\n",
       "    }\n",
       "\n",
       "    .dataframe thead th {\n",
       "        text-align: right;\n",
       "    }\n",
       "</style>\n",
       "<table border=\"1\" class=\"dataframe\">\n",
       "  <thead>\n",
       "    <tr style=\"text-align: right;\">\n",
       "      <th></th>\n",
       "      <th>aspirin</th>\n",
       "      <th>paracetamol</th>\n",
       "      <th>pseudoefedrin</th>\n",
       "      <th>sulfogaiacol</th>\n",
       "      <th>gefitinib</th>\n",
       "    </tr>\n",
       "  </thead>\n",
       "  <tbody>\n",
       "    <tr>\n",
       "      <th>0</th>\n",
       "      <td>0</td>\n",
       "      <td>0</td>\n",
       "      <td>0</td>\n",
       "      <td>0</td>\n",
       "      <td>0</td>\n",
       "    </tr>\n",
       "    <tr>\n",
       "      <th>1</th>\n",
       "      <td>0</td>\n",
       "      <td>0</td>\n",
       "      <td>0</td>\n",
       "      <td>0</td>\n",
       "      <td>0</td>\n",
       "    </tr>\n",
       "    <tr>\n",
       "      <th>2</th>\n",
       "      <td>0</td>\n",
       "      <td>0</td>\n",
       "      <td>0</td>\n",
       "      <td>0</td>\n",
       "      <td>0</td>\n",
       "    </tr>\n",
       "    <tr>\n",
       "      <th>3</th>\n",
       "      <td>0</td>\n",
       "      <td>0</td>\n",
       "      <td>0</td>\n",
       "      <td>0</td>\n",
       "      <td>0</td>\n",
       "    </tr>\n",
       "    <tr>\n",
       "      <th>4</th>\n",
       "      <td>0</td>\n",
       "      <td>0</td>\n",
       "      <td>0</td>\n",
       "      <td>0</td>\n",
       "      <td>0</td>\n",
       "    </tr>\n",
       "  </tbody>\n",
       "</table>\n",
       "</div>"
      ],
      "text/plain": [
       "   aspirin  paracetamol  pseudoefedrin  sulfogaiacol  gefitinib\n",
       "0        0            0              0             0          0\n",
       "1        0            0              0             0          0\n",
       "2        0            0              0             0          0\n",
       "3        0            0              0             0          0\n",
       "4        0            0              0             0          0"
      ]
     },
     "execution_count": 12,
     "metadata": {},
     "output_type": "execute_result"
    }
   ],
   "source": [
    "maccs_fingerprints.head()"
   ]
  },
  {
   "cell_type": "code",
   "execution_count": 13,
   "metadata": {},
   "outputs": [
    {
     "data": {
      "text/plain": [
       "(167, 5)"
      ]
     },
     "execution_count": 13,
     "metadata": {},
     "output_type": "execute_result"
    }
   ],
   "source": [
    "maccs_fingerprints.shape"
   ]
  },
  {
   "cell_type": "code",
   "execution_count": 14,
   "metadata": {},
   "outputs": [
    {
     "data": {
      "text/html": [
       "<div>\n",
       "<style scoped>\n",
       "    .dataframe tbody tr th:only-of-type {\n",
       "        vertical-align: middle;\n",
       "    }\n",
       "\n",
       "    .dataframe tbody tr th {\n",
       "        vertical-align: top;\n",
       "    }\n",
       "\n",
       "    .dataframe thead th {\n",
       "        text-align: right;\n",
       "    }\n",
       "</style>\n",
       "<table border=\"1\" class=\"dataframe\">\n",
       "  <thead>\n",
       "    <tr style=\"text-align: right;\">\n",
       "      <th></th>\n",
       "      <th>aspirin</th>\n",
       "      <th>paracetamol</th>\n",
       "      <th>pseudoefedrin</th>\n",
       "      <th>sulfogaiacol</th>\n",
       "      <th>gefitinib</th>\n",
       "    </tr>\n",
       "  </thead>\n",
       "  <tbody>\n",
       "    <tr>\n",
       "      <th>0</th>\n",
       "      <td>0</td>\n",
       "      <td>0</td>\n",
       "      <td>0</td>\n",
       "      <td>0</td>\n",
       "      <td>0</td>\n",
       "    </tr>\n",
       "    <tr>\n",
       "      <th>1</th>\n",
       "      <td>0</td>\n",
       "      <td>0</td>\n",
       "      <td>1</td>\n",
       "      <td>0</td>\n",
       "      <td>0</td>\n",
       "    </tr>\n",
       "    <tr>\n",
       "      <th>2</th>\n",
       "      <td>0</td>\n",
       "      <td>0</td>\n",
       "      <td>0</td>\n",
       "      <td>0</td>\n",
       "      <td>0</td>\n",
       "    </tr>\n",
       "    <tr>\n",
       "      <th>3</th>\n",
       "      <td>0</td>\n",
       "      <td>0</td>\n",
       "      <td>0</td>\n",
       "      <td>0</td>\n",
       "      <td>0</td>\n",
       "    </tr>\n",
       "    <tr>\n",
       "      <th>4</th>\n",
       "      <td>0</td>\n",
       "      <td>0</td>\n",
       "      <td>0</td>\n",
       "      <td>0</td>\n",
       "      <td>0</td>\n",
       "    </tr>\n",
       "  </tbody>\n",
       "</table>\n",
       "</div>"
      ],
      "text/plain": [
       "   aspirin  paracetamol  pseudoefedrin  sulfogaiacol  gefitinib\n",
       "0        0            0              0             0          0\n",
       "1        0            0              1             0          0\n",
       "2        0            0              0             0          0\n",
       "3        0            0              0             0          0\n",
       "4        0            0              0             0          0"
      ]
     },
     "execution_count": 14,
     "metadata": {},
     "output_type": "execute_result"
    }
   ],
   "source": [
    "morgan_fingerprints.head()"
   ]
  },
  {
   "cell_type": "code",
   "execution_count": 15,
   "metadata": {},
   "outputs": [
    {
     "data": {
      "text/plain": [
       "(2048, 5)"
      ]
     },
     "execution_count": 15,
     "metadata": {},
     "output_type": "execute_result"
    }
   ],
   "source": [
    "morgan_fingerprints.shape"
   ]
  },
  {
   "cell_type": "markdown",
   "metadata": {},
   "source": [
    "#### Obliczenie macierzy odległości Tanimoto, $distance=1-similarity$"
   ]
  },
  {
   "cell_type": "code",
   "execution_count": 40,
   "metadata": {},
   "outputs": [],
   "source": [
    "def distance(smiles1: str, smiles2: str) -> float:\n",
    "    morgan_generator = rdFingerprintGenerator.GetMorganGenerator(radius=2, fpSize=2048)\n",
    "    return 1 - DataStructs.TanimotoSimilarity(morgan_generator.GetFingerprint(mol=Chem.MolFromSmiles(smiles1)), morgan_generator.GetFingerprint(mol=Chem.MolFromSmiles(smiles2)))"
   ]
  },
  {
   "cell_type": "code",
   "execution_count": 52,
   "metadata": {},
   "outputs": [],
   "source": [
    "distance_matrix = np.zeros(shape=(EGFR_lipinski.shape[0],EGFR_lipinski.shape[0]))"
   ]
  },
  {
   "cell_type": "code",
   "execution_count": 53,
   "metadata": {},
   "outputs": [],
   "source": [
    "for i in range(EGFR_lipinski.shape[0]):\n",
    "    for j in range(EGFR_lipinski.shape[0]):\n",
    "        distance_matrix[i, j] = distance(EGFR_lipinski[\"canonical_smiles\"][i], EGFR_lipinski[\"canonical_smiles\"][j])"
   ]
  },
  {
   "cell_type": "code",
   "execution_count": 54,
   "metadata": {},
   "outputs": [
    {
     "data": {
      "text/plain": [
       "array([[0.        , 0.        , 0.76666667, 0.54166667, 0.95555556,\n",
       "        0.93055556, 0.93150685, 0.85714286, 0.98550725, 0.83333333,\n",
       "        0.84444444, 0.8627451 , 0.65789474, 0.94117647, 0.96774194,\n",
       "        0.58333333, 0.98387097, 0.94047619, 0.94444444, 0.97142857,\n",
       "        0.94915254, 0.95555556, 0.95238095, 0.97619048, 0.96610169],\n",
       "       [0.        , 0.        , 0.76666667, 0.54166667, 0.95555556,\n",
       "        0.93055556, 0.93150685, 0.85714286, 0.98550725, 0.83333333,\n",
       "        0.84444444, 0.8627451 , 0.65789474, 0.94117647, 0.96774194,\n",
       "        0.58333333, 0.98387097, 0.94047619, 0.94444444, 0.97142857,\n",
       "        0.94915254, 0.95555556, 0.95238095, 0.97619048, 0.96610169],\n",
       "       [0.76666667, 0.76666667, 0.        , 0.8       , 0.96153846,\n",
       "        0.93670886, 0.92405063, 0.74      , 0.95945946, 0.80851064,\n",
       "        0.84313725, 0.7962963 , 0.81632653, 0.91780822, 0.94029851,\n",
       "        0.79411765, 0.95522388, 0.92134831, 0.93333333, 0.94666667,\n",
       "        0.93846154, 0.92      , 0.91489362, 0.97959184, 0.9375    ],\n",
       "       [0.54166667, 0.54166667, 0.8       , 0.        , 0.96      ,\n",
       "        0.90666667, 0.92207792, 0.80392157, 0.98648649, 0.8       ,\n",
       "        0.8125    , 0.83333333, 0.75555556, 0.93055556, 0.97014925,\n",
       "        0.14285714, 0.98507463, 0.95555556, 0.93103448, 0.95945946,\n",
       "        0.93650794, 0.96      , 0.95744681, 0.9787234 , 0.93548387],\n",
       "       [0.95555556, 0.95555556, 0.96153846, 0.96      , 0.        ,\n",
       "        0.91954023, 0.89534884, 0.97183099, 0.87012987, 0.95238095,\n",
       "        0.95454545, 0.95833333, 0.86666667, 0.92771084, 0.90540541,\n",
       "        0.95918367, 0.73015873, 0.90721649, 0.78688525, 0.94047619,\n",
       "        0.83823529, 0.83636364, 0.87037037, 0.69565217, 0.86956522],\n",
       "       [0.93055556, 0.93055556, 0.93670886, 0.90666667, 0.91954023,\n",
       "        0.        , 0.7244898 , 0.91578947, 0.91666667, 0.92134831,\n",
       "        0.92391304, 0.91752577, 0.88636364, 0.83333333, 0.89      ,\n",
       "        0.92      , 0.91089109, 0.90322581, 0.86956522, 0.90825688,\n",
       "        0.8989899 , 0.91954023, 0.92941176, 0.90243902, 0.86315789],\n",
       "       [0.93150685, 0.93150685, 0.92405063, 0.92207792, 0.89534884,\n",
       "        0.7244898 , 0.        , 0.91666667, 0.90740741, 0.92222222,\n",
       "        0.92473118, 0.91836735, 0.88764045, 0.84615385, 0.89108911,\n",
       "        0.92105263, 0.91176471, 0.904     , 0.83333333, 0.89908257,\n",
       "        0.88888889, 0.90804598, 0.91764706, 0.91666667, 0.86458333],\n",
       "       [0.85714286, 0.85714286, 0.74      , 0.80392157, 0.97183099,\n",
       "        0.91578947, 0.91666667, 0.        , 0.96774194, 0.84615385,\n",
       "        0.85294118, 0.84931507, 0.88405797, 0.92307692, 0.96551724,\n",
       "        0.82352941, 0.98863636, 0.93518519, 0.9625    , 0.95744681,\n",
       "        0.96470588, 0.94202899, 0.95522388, 0.98529412, 0.93902439],\n",
       "       [0.98550725, 0.98550725, 0.95945946, 0.98648649, 0.87012987,\n",
       "        0.91666667, 0.90740741, 0.96774194, 0.        , 0.95294118,\n",
       "        0.96629213, 0.95744681, 0.8625    , 0.91262136, 0.73170732,\n",
       "        0.98630137, 0.85555556, 0.9338843 , 0.88505747, 0.76923077,\n",
       "        0.87912088, 0.79166667, 0.7826087 , 0.87837838, 0.90217391],\n",
       "       [0.83333333, 0.83333333, 0.80851064, 0.8       , 0.95238095,\n",
       "        0.92134831, 0.92222222, 0.84615385, 0.95294118, 0.        ,\n",
       "        0.34883721, 0.49019608, 0.83333333, 0.91666667, 0.94936709,\n",
       "        0.79545455, 0.96202532, 0.93069307, 0.94444444, 0.90361446,\n",
       "        0.94805195, 0.91803279, 0.9137931 , 0.98360656, 0.93333333],\n",
       "       [0.84444444, 0.84444444, 0.84313725, 0.8125    , 0.95454545,\n",
       "        0.92391304, 0.92473118, 0.85294118, 0.96629213, 0.34883721,\n",
       "        0.        , 0.33333333, 0.87692308, 0.91954023, 0.96385542,\n",
       "        0.80851064, 0.96341463, 0.9223301 , 0.93243243, 0.93181818,\n",
       "        0.95      , 0.95454545, 0.95238095, 0.96825397, 0.94936709],\n",
       "       [0.8627451 , 0.8627451 , 0.7962963 , 0.83333333, 0.95833333,\n",
       "        0.91752577, 0.91836735, 0.84931507, 0.95744681, 0.49019608,\n",
       "        0.33333333, 0.        , 0.87142857, 0.9010989 , 0.95454545,\n",
       "        0.83018868, 0.95402299, 0.90654206, 0.92405063, 0.92473118,\n",
       "        0.94117647, 0.94366197, 0.94117647, 0.97101449, 0.94047619],\n",
       "       [0.65789474, 0.65789474, 0.81632653, 0.75555556, 0.86666667,\n",
       "        0.88636364, 0.88764045, 0.88405797, 0.8625    , 0.83333333,\n",
       "        0.87692308, 0.87142857, 0.        , 0.90588235, 0.86666667,\n",
       "        0.77777778, 0.89473684, 0.92156863, 0.86956522, 0.89285714,\n",
       "        0.8630137 , 0.74074074, 0.7254902 , 0.89655172, 0.89189189],\n",
       "       [0.94117647, 0.94117647, 0.91780822, 0.93055556, 0.92771084,\n",
       "        0.83333333, 0.84615385, 0.92307692, 0.91262136, 0.91666667,\n",
       "        0.91954023, 0.9010989 , 0.90588235, 0.        , 0.89583333,\n",
       "        0.92957746, 0.89473684, 0.86086957, 0.86206897, 0.89320388,\n",
       "        0.89361702, 0.92771084, 0.925     , 0.91025641, 0.88043478],\n",
       "       [0.96774194, 0.96774194, 0.94029851, 0.97014925, 0.90540541,\n",
       "        0.89      , 0.89108911, 0.96551724, 0.73170732, 0.94936709,\n",
       "        0.96385542, 0.95454545, 0.86666667, 0.89583333, 0.        ,\n",
       "        0.96969697, 0.88505747, 0.91150442, 0.90361446, 0.75294118,\n",
       "        0.88372093, 0.84285714, 0.8       , 0.9       , 0.88235294],\n",
       "       [0.58333333, 0.58333333, 0.79411765, 0.14285714, 0.95918367,\n",
       "        0.92      , 0.92105263, 0.82352941, 0.98630137, 0.79545455,\n",
       "        0.80851064, 0.83018868, 0.77777778, 0.92957746, 0.96969697,\n",
       "        0.        , 0.98484848, 0.95505618, 0.92982456, 0.95890411,\n",
       "        0.93548387, 0.95918367, 0.95652174, 0.97826087, 0.9516129 ],\n",
       "       [0.98387097, 0.98387097, 0.95522388, 0.98507463, 0.73015873,\n",
       "        0.91089109, 0.91176471, 0.98863636, 0.85555556, 0.96202532,\n",
       "        0.96341463, 0.95402299, 0.89473684, 0.89473684, 0.88505747,\n",
       "        0.98484848, 0.        , 0.93913043, 0.81578947, 0.91752577,\n",
       "        0.82716049, 0.87323944, 0.86764706, 0.73333333, 0.85365854],\n",
       "       [0.94047619, 0.94047619, 0.92134831, 0.95555556, 0.90721649,\n",
       "        0.90322581, 0.904     , 0.93518519, 0.9338843 , 0.93069307,\n",
       "        0.9223301 , 0.90654206, 0.92156863, 0.86086957, 0.91150442,\n",
       "        0.95505618, 0.93913043, 0.        , 0.92592593, 0.92622951,\n",
       "        0.9       , 0.94      , 0.93814433, 0.94845361, 0.91891892],\n",
       "       [0.94444444, 0.94444444, 0.93333333, 0.93103448, 0.78688525,\n",
       "        0.86956522, 0.83333333, 0.9625    , 0.88505747, 0.94444444,\n",
       "        0.93243243, 0.92405063, 0.86956522, 0.86206897, 0.90361446,\n",
       "        0.92982456, 0.81578947, 0.92592593, 0.        , 0.91208791,\n",
       "        0.67164179, 0.84375   , 0.87301587, 0.83333333, 0.87179487],\n",
       "       [0.97142857, 0.97142857, 0.94666667, 0.95945946, 0.94047619,\n",
       "        0.90825688, 0.89908257, 0.95744681, 0.76923077, 0.90361446,\n",
       "        0.93181818, 0.92473118, 0.89285714, 0.89320388, 0.75294118,\n",
       "        0.95890411, 0.91752577, 0.92622951, 0.91208791, 0.        ,\n",
       "        0.89361702, 0.82894737, 0.78873239, 0.9375    , 0.90425532],\n",
       "       [0.94915254, 0.94915254, 0.93846154, 0.93650794, 0.83823529,\n",
       "        0.8989899 , 0.88888889, 0.96470588, 0.87912088, 0.94805195,\n",
       "        0.95      , 0.94117647, 0.8630137 , 0.89361702, 0.88372093,\n",
       "        0.93548387, 0.82716049, 0.9       , 0.67164179, 0.89361702,\n",
       "        0.        , 0.83823529, 0.84848485, 0.86363636, 0.89285714],\n",
       "       [0.95555556, 0.95555556, 0.92      , 0.96      , 0.83636364,\n",
       "        0.91954023, 0.90804598, 0.94202899, 0.79166667, 0.91803279,\n",
       "        0.95454545, 0.94366197, 0.74074074, 0.92771084, 0.84285714,\n",
       "        0.95918367, 0.87323944, 0.94      , 0.84375   , 0.82894737,\n",
       "        0.83823529, 0.        , 0.43589744, 0.86792453, 0.85294118],\n",
       "       [0.95238095, 0.95238095, 0.91489362, 0.95744681, 0.87037037,\n",
       "        0.92941176, 0.91764706, 0.95522388, 0.7826087 , 0.9137931 ,\n",
       "        0.95238095, 0.94117647, 0.7254902 , 0.925     , 0.8       ,\n",
       "        0.95652174, 0.86764706, 0.93814433, 0.87301587, 0.78873239,\n",
       "        0.84848485, 0.43589744, 0.        , 0.88235294, 0.86363636],\n",
       "       [0.97619048, 0.97619048, 0.97959184, 0.9787234 , 0.69565217,\n",
       "        0.90243902, 0.91666667, 0.98529412, 0.87837838, 0.98360656,\n",
       "        0.96825397, 0.97101449, 0.89655172, 0.91025641, 0.9       ,\n",
       "        0.97826087, 0.73333333, 0.94845361, 0.83333333, 0.9375    ,\n",
       "        0.86363636, 0.86792453, 0.88235294, 0.        , 0.84375   ],\n",
       "       [0.96610169, 0.96610169, 0.9375    , 0.93548387, 0.86956522,\n",
       "        0.86315789, 0.86458333, 0.93902439, 0.90217391, 0.93333333,\n",
       "        0.94936709, 0.94047619, 0.89189189, 0.88043478, 0.88235294,\n",
       "        0.9516129 , 0.85365854, 0.91891892, 0.87179487, 0.90425532,\n",
       "        0.89285714, 0.85294118, 0.86363636, 0.84375   , 0.        ]])"
      ]
     },
     "execution_count": 54,
     "metadata": {},
     "output_type": "execute_result"
    }
   ],
   "source": [
    "distance_matrix"
   ]
  },
  {
   "cell_type": "markdown",
   "metadata": {},
   "source": [
    "#### Macierz dystansów jako heatmapa"
   ]
  },
  {
   "cell_type": "code",
   "execution_count": 55,
   "metadata": {},
   "outputs": [
    {
     "data": {
